13 16
0 0 1 1 1 0 0 0 0 0 0 0 0 0 0 0
1 1 1 100 1 1 1 1 0 0 0 0 0 0 0 0
1 65 75 0 75 40 66 1 0 0 1 1 1 1 1 1
1 39 0 50 0 41 37 1 1 1 1 30 40 0 32 1
1 75 63 38 0 0 0 25 50 21 23 0 0 50 0 1
1 1 1 1 1 1 1 1 1 1 1 35 75 0 0 1
0 0 0 0 0 0 0 0 0 0 1 1 1 1 22 1
0 0 0 0 0 0 0 0 0 0 0 0 0 1 24 1
0 0 0 0 0 0 0 0 0 0 1 1 1 1 26 1
0 0 0 0 0 0 0 0 0 0 1 0 34 0 0 1
0 0 0 0 0 0 0 0 0 0 1 50 0 0 0 1
0 0 0 0 0 0 0 0 0 0 1 1 1 1 0 1
0 0 0 0 0 0 0 0 0 0 0 0 0 1 1 1
1 1 -1 -1 -1 2 2 2 2 2 2 2 2 2 2 2
-1 -1 -1 3 -1 -1 -1 -1 2 2 2 2 2 2 2 2
-1 3 3 3 3 3 3 -1 2 2 -1 -1 -1 -1 -1 -1
-1 3 3 3 3 3 3 -1 -1 -1 -1 4 4 4 4 -1
-1 3 3 3 3 3 3 -1 8 -1 4 4 4 4 4 -1
-1 -1 -1 -1 -1 -1 -1 -1 -1 -1 -1 4 4 4 4 -1
5 5 5 5 5 5 5 5 5 5 -1 -1 -1 -1 -1 -1
5 5 5 5 5 5 5 5 5 5 5 5 5 -1 7 -1
5 5 5 5 5 5 5 5 5 5 -1 -1 -1 -1 -1 -1
5 5 5 5 5 5 5 5 5 5 -1 6 6 6 6 -1
5 5 5 5 5 5 5 5 5 5 -1 6 6 6 6 -1
5 5 5 5 5 5 5 5 5 5 -1 -1 -1 -1 6 -1
5 5 5 5 5 5 5 5 5 5 7 8 9 -1 -1 -1
30 0 0 3 12
30 0 1 4 14
63 2 4 1 2
40 5 2 7 4
41 5 3 9 4
40 12 3 14 7